100
5
972423195
776100482
736859791
844690425
823033043
224 4381 4794 7873 2115 4280 9832 8530 6795 5951 3366 1128 5063 9515 6409 2516 9741 1576 6198 9375 4178 58 7311 3595 703 4366 2768 9754 3999 565 1738 4062 3070 9849 152 8666 9820 905 4297 1454 394 657 3490 6535 7526 5949 3763 7383 9317 5684 1327 586 2573 3430 8438 5043 3478 8917 5028 1452 791 6912 7744 2704 2444 4019 6602 9237 1550 1352 627 9445 290 1287 8526 7589 8454 1867 3473 4906 5655 2080 6224 4214 2919 4798 7079 9619 5779 7487 8687 648 273 9665 6655 3720 908 8705 7082 4020
4535 4098 5783 6545 5393 3904 4264 2853 7744 2556 1653 5776 2931 2268 8786 5866 5080 989 7489 8142 3609 7783 9825 4768 2879 2583 1297 6393 5544 8955 7344 1900 1778 5981 7270 6582 3052 3267 5621 8681 1691 8240 4170 1498 1519 2354 1722 7090 2284 5610 5861 1069 1616 8117 3568 911 2958 1912 9403 8479 1760 9554 3523 4840 8601 7564 8265 4211 8370 8386 5210 5205 1194 1821 2449 7882 5184 359 2453 7088 2681 1858 108 7245 6541 6187 6407 2765 5198 7587 8703 7331 9484 7411 3611 7386 3570 514 6710 7665
2935 3119 6623 1562 467 2674 9896 7330 6324 5875 9942 8206 2557 8103 7992 5008 6919 2848 5378 3523 6485 8941 1761 5997 5739 6917 3245 1626 7777 2654 3859 9838 8836 7593 9157 8920 926 6629 371 1716 9926 1375 2562 2107 7365 4380 1486 5546 196 1429 1850 3341 2584 7747 8609 7621 3599 1406 1412 221 1470 8722 201 5440 1223 2713 7158 438 3427 5527 8971 5813 2235 1971 4340 9426 555 5220 4865 280 4769 9329 4799 3374 1037 9613 8467 5787 7396 3230 9607 9658 4538 144 1744 4368 3868 3048 5706 8464
2598 2844 4048 5222 2344 3228 7880 5102 6150 8269 2938 5403 1440 2546 3159 6566 5749 2808 1187 7735 8867 4319 6467 383 7217 1613 3230 7483 8854 1896 2093 8020 7333 8608 692 919 891 6449 3956 3470 9878 8779 1773 1491 7433 8772 8166 8373 2308 367 386 1618 7241 6856 8226 6470 4791 2838 5239 3973 5099 1742 2641 9319 4660 3824 9658 2414 9347 9109 6317 137 6013 439 6108 6599 4202 4674 1045 5901 2657 6143 4655 9820 278 3042 4773 6411 1492 2231 641 6039 5285 4849 1332 3970 691 6121 9022 8576
8575 2317 3662 1865 3321 4508 4053 9311 6326 3432 7492 2142 3375 3796 5287 4530 9693 548 9567 5545 3352 3358 2167 3416 661 2147 7386 3169 4659 9104 2384 5373 7473 910 7759 4181 3917 6286 1365 2501 7166 6811 2226 6715 1268 6745 5320 2983 1552 406 7733 9342 5176 1546 1597 6484 2090 3690 6314 5814 4994 7652 403 3325 3714 1550 803 3981 3589 1345 6471 9674 9323 3944 5930 1982 5114 3846 5369 8267 3413 6260 6526 3760 2426 7043 6209 1639 8154 826 4419 6709 2459 5496 8075 1497 6320 4623 6243 4897
1034 7566 1867 7331 3483 6779 2978 1948 6263 5334 4611 3025 7629 4372 5435 9580 2368 2949 2701 1894 6975 4100 9392 9665 506 2297 2032 9603 2806 6069 3815 919 5376 6281 1761 8358 4767 2080 75 2791 4043 5696 2803 1661 8194 7300 4633 8665 8873 7613 7548 5440 3584 1741 2321 7275 4592 1793 2006 4757 4065 1329 4047 4902 300 3160 5849 7457 8493 2987 5165 3133 6205 6840 5880 6307 6607 7099 9507 1848 6099 7867 7164 1608 3704 7942 7287 2210 4291 6503 7729 4536 2902 7027 3785 6874 9138 42 4338 2177
265 8928 5523 5943 2629 10003 7286 1229 7707 2720 6950 7883 7812 6895 3790 4702 3796 3511 5045 756 6531 5995 2314 7485 6759 765 9748 2865 3185 9714 9614 9450 1976 4529 3112 9194 2757 4609 7246 9169 2716 7744 379 6313 9240 3633 842 9474 7219 9525 2099 5131 3699 7755 3199 6935 5857 9693 8779 75 6615 9335 9793 8943 7549 4062 745 3711 5373 5697 1425 8829 157 345 3055 5498 5902 5764 3136 4430 7753 3596 3183 104 5862 3697 8152 9454 1182 2026 4611 6849 2914 8469 1568 5461 8243 6401 1779 8609
1848 5825 1940 7577 4413 2026 513 5637 9237 5134 4009 2164 3141 4343 5914 9291 4422 5243 7390 6508 1459 7989 2687 4399 4805 4270 5394 2434 9588 506 2023 6112 9 5611 4391 6393 9276 2396 7124 9274 2793 3372 3521 8969 8297 1591 1801 144 3831 7476 9451 2683 5193 7308 2771 7739 2277 5728 6184 5731 585 1352 4211 2095 1827 4990 2572 2209 9219 8707 262 422 8690 8640 8558 4821 1094 5389 8430 208 1134 7456 3414 5191 7705 9026 1986 8453 646 4254 8570 2439 3592 9886 1395 679 2707 429 2297 1758
6228 5628 4644 9835 5139 6644 3108 4514 5619 1427 2958 4268 4415 253 5836 3384 9770 3031 4788 1265 5094 566 8751 159 4481 7166 9568 3100 6102 618 8436 7648 3954 6702 1602 3245 2337 2449 231 196 2140 6529 918 8928 49 6302 946 3370 2542 6788 4545 4469 9548 7070 8610 3130 147 6863 4668 5071 128 5631 9052 5456 8765 7387 724 7409 6364 8653 9605 759 5465 1975 4257 1595 9638 9219 7331 1833 2423 5392 1455 7407 6761 4901 3852 6935 383 45 7096 3449 1871 4887 6631 685 140 3249 1543 9953
3523 9508 7315 7321 6130 7379 4624 6110 1342 7132 8622 3060 6347 9336 1429 4873 1715 8144 7880 242 5328 6464 1122 767 6189 671 5231 701 9283 6946 5515 4369 1689 3298 9139 5509 5560 440 6053 7653 270 9777 8957 1608 4366 7288 7677 5513 4766 7944 7552 5308 427 3630 3279 7907 9893 5945 9077 7809 9332 2223 7376 216 482 7723 6389 999 165 5602 2110 4789 8382 665 6422 9459 2031 5460 276 8586 199 8860 5852 2520 3460 7003 9211 1224 534 7408 3871 472 9708 7643 2255 1024 206 2467 8977 7645
5799 8574 3118 5378 7083 3875 215 6221 4863 4237 8414 4857 5428 7165 7612 3942 1926 1822 2452 7488 8542 9470 5388 5098 2621 8966 5362 252 3880 4226 5594 4235 8811 1105 9682 3334 2530 2012 4765 3676 4692 3156 7842 8322 3105 2955 2709 1505 331 3209 2325 7680 451 9410 7291 2615 150 4113 3007 2394 8994 9811 2745 4366 7825 6693 1234 9093 5170 8343 3940 2323 8077 6706 3657 3460 7540 8227 6952 4861 4634 4662 9111 1597 2083 5682 6781 3780 4062 8127 6788 7394 7187 3245 5186 5167 3935 8319 8704 7334
4302 5838 1152 672 5889 6039 6285 7489 8663 5785 6669 1314 8543 9591 1703 6379 8844 4881 5987 6600 0 9190 6249 4628 1169 2301 7760 9908 3824 651 5054 6671 917 2288 5337 5534 1454 767 2042 4133 4360 4332 9890 7397 6911 3312 2213 5214 4932 867 2206 1600 1807 5749 3808 3827 5059 675 290 1660 9911 8232 6279 8680 7414 8540 5183 6082 2753 8101 7265 3092 5855 2781 2543 9758 3578 9454 3880 9549 33 7643 8115 4486 9342 6098 9584 8096 3254 3719 6483 8214 9852 4933 5672 4082 9480 8726 8290 4773
4781 1359 150 4972 8477 8221 9002 9082 3209 3184 3143 6278 9418 6562 3079 8975 9438 2592 571 6463 7720 3377 9864 8094 9194 991 3149 5087 660 3807 4565 4207 5221 4082 5016 9750 702 5477 3301 4936 5616 727 5518 166 1796 8472 4210 9629 9710 8642 486 8325 8372 4046 2155 2256 7225 6568 1888 217 6683 4078 5810 2246 9210 7822 3144 1076 1287 4435 9998 1509 396 6176 9651 5343 9886 3727 431 4232 5262 947 1876 2599 4185 9588 2838 1775 7637 4842 4261 4509 5316 235 3110 7825 7552 6704 4913 5178
6827 3474 3579 7754 4594 1413 7404 4020 5275 1329 4064 6548 3817 539 767 5544 2971 8358 4784 3726 3592 170 8968 3783 7288 7032 7813 7893 2020 1995 1954 5089 8229 5373 1890 7786 8249 1403 9389 5274 6531 2188 8675 6905 8005 9809 1960 3898 9478 2618 3376 3018 4032 2893 3827 8561 9520 4288 2112 3747 4427 9545 4329 8984 607 7283 3021 8440 8521 7453 9304 7136 7183 2857 966 1067 6036 5379 699 9035 5494 2889 4621 1057 8021 6633 1955 9894 98 3246 8809 320 9214 4987 8462 4154 8697 2538 9249 3043
2342 7891 2181 4825 355 7034 7180 8220 1920 1595 1062 1789 2581 5481 230 6829 2841 3906 7654 4194 521 4104 8379 5383 9676 3107 1140 6320 8811 9694 9541 4887 8062 3262 5397 6897 9357 1383 3116 4357 3190 9682 1916 2389 3565 290 4926 5324 6377 2500 6549 8386 8997 2794 8232 9545 4093 5559 4761 3052 7054 3210 5712 9415 9884 1847 1075 4212 6955 7851 114 9841 5379 463 5610 9648 8665 8654 5834 5212 8595 2535 4605 3997 4601 4791 7104 3292 9449 3135 5589 8813 9297 3286 633 1886 8344 7327 4058 7503
4118 2273 3250 4452 6023 9400 4531 5352 7499 6617 1568 8098 2796 4508 4914 4379 5503 2543 9697 615 2132 6221 118 5720 4500 6502 9385 2505 7233 9383 2902 3481 3630 9078 8406 1700 1910 253 3940 7585 9560 2792 5302 7417 2880 7848 2386 5837 6293 5840 694 1461 4320 2204 1936 5099 2681 2318 9328 8816 371 531 8799 8749 8667 4930 1203 5498 8539 317 1243 7565 3523 5300 7814 9135 2095 8562 755 4363 8679 2548 3701 9995 1504 788 2816 538 2406 1867 3785 3328 8983 2246 3606 3835 3410 2713 5973 9318
4392 5080 8610 8395 6041 2981 9971 3422 7492 157 136 9308 9940 4572 9378 6052 5801 586 39 3545 8094 744 8704 9750 2259 3183 9902 2108 8139 6822 3061 4098 3397 7451 3292 3276 6452 6457 461 9841 9213 3780 6478 1296 9209 4574 8981 9804 1547 4417 5121 5475 5255 8897 6464 4075 2959 4331 2178 4251 8051 4276 8092 1141 4952 3997 8435 8108 7972 4947 9993 9062 8736 3398 2249 5168 1149 3364 8998 1426 3418 8286 2660 8644 1646 9783 712 5049 9760 274 1929 8646 1249 3528 6465 8880 4835 2204 9097 6792
9866 8567 1233 6017 7058 5563 7114 4454 2093 5426 9291 7624 3289 8188 1412 5510 2624 5096 4747 8978 4709 6514 3470 7284 730 789 4088 4695 9293 7227 7041 3934 5243 585 4554 2257 2893 6738 9041 7214 4618 9567 2873 701 1542 9726 6336 8782 3587 9077 68 2105 3044 1782 2114 6261 8659 2985 8490 1507 1663 718 3171 1590 198 6321 6756 5468 954 6360 4018 8583 8064 6012 3047 6190 7742 9887 9402 601 1378 2252 8889 7365 9669 2640 1920 4742 4967 5336 7142 8903 4586 5912 2883 8723 288 8470 5477 4171
8930 439 9730 1751 9480 1341 802 2720 2263 7918 1181 2541 2770 2345 1648 4908 8253 9736 560 722 8593 2288 7959 8053 9408 5626 5828 5759 4445 5092 1750 4675 9472 2929 5808 9729 6953 7604 3468 3890 179 1298 4334 2108 3661 604 1995 1074 8770 2178 9780 1833 3210 5068 6514 9686 478 6992 4866 6583 993 9838 327 1941 1786 7536 6959 6413 4717 1135 1665 6537 117 3598 8106 3891 4984 3174 2207 9027 6202 1569 5579 147 7650 4344 123 2407 9355 1136 6470 8413 7997 510 640 4856 8568 2247 1087 1186
6081 1529 4471 890 6225 2966 4426 4819 1861 8618 3288 551 8471 7450 4975 916 1064 1707 9166 4587 7885 3687 6409 6470 9372 3724 4068 5833 722 9552 8022 1510 3239 5361 6610 1596 6182 6498 3814 6217 4554 9432 1821 6551 8304 5575 1900 5880 6403 7661 8123 6479 2582 594 4939 8062 3577 8230 250 3174 3166 4754 9760 6762 1445 1131 3418 4767 2176 1129 3815 1015 6430 7305 8740 9092 9269 9159 973 4760 8569 8011 8697 2617 8657 550 3666 5574 7102 4004 8530 742 5582 5514 9005 1521 6059 5896 3227 7656
221 3072 2544 7282 7447 9719 9042 8332 9169 8140 7253 8200 5350 676 7821 5529 169 3387 5062 7809 7911 7678 8897 2090 7338 6338 4698 7 5523 1360 2138 7817 6323 2672 1888 7407 7652 4051 3349 2598 6570 8681 4938 2402 5448 1237 1536 7230 7762 2230 9569 8796 7128 7995 1011 6369 3548 8128 9635 5702 853 7711 7350 3956 7196 4504 8495 1831 3711 790 5206 9246 7866 1600 4533 7742 6200 2070 1301 8846 7210 1725 4738 2074 507 6343 8709 9387 4895 5934 4836 2635 4229 8044 6295 8230 9402 6921 4053 2952
9369 5192 8749 8178 6441 5994 9664 1673 1777 1147 6118 5064 4136 8218 8508 978 4640 8244 3347 9726 9380 8012 9371 4795 2494 3924 265 1069 1587 8841 9930 8914 443 5764 5284 494 644 890 2094 3268 390 1274 5926 3148 4196 6315 984 3449 9493 592 1205 4612 3795 854 9240 5781 6913 2365 4513 8436 5263 9666 1276 5529 6900 9949 139 6066 5379 6654 8745 8972 8944 4495 2002 1516 7924 6825 9826 9544 5479 6818 6212 6419 354 8420 8439 9671 5287 4902 6272 4516 2837 884 3285 2019 3145 9795 687 7365
5867 4888 4083 8767 9644 675 4779 702 4423 1319 7036 8006 5594 4040 2292 9032 2073 7472 1516 2956 7319 6869 6131 2519 9004 7631 4979 1030 9364 6220 9870 5849 8461 336 7025 5186 4972 7423 6239 1095 1465 8076 1706 5269 3507 3019 9824 4973 2221 8115 8975 8384 610 2671 8853 2580 1899 1983 5323 2795 4253 5043 8340 9344 183 2371 8361 172 9558 7739 3555 3498 9809 2947 4102 9999 5260 290 6149 8953 2744 9373 9437 6740 6720 683 3191 5703 7421 6636 7350 5719 4245 6631 3339 6346 4873 2057 641 1521
8144 7726 636 7021 5484 5365 3969 879 3817 1030 8868 4110 7915 8151 1333 3761 2139 3882 3138 717 5953 7335 3197 4016 6560 1926 1131 3830 3453 3235 6480 7799 1156 3871 318 95 9336 1275 5267 3408 7164 2116 3444 18 9610 6928 8934 1016 1640 7867 7672 1348 5787 258 1998 6853 8811 414 1053 9306 7230 9029 7176 9741 5942 4515 2575 7399 500 3996 523 4434 3643 5548 2668 3949 4849 6325 3542 579 3325 8629 6520 9866 6147 8854 6889 1665 7908 4537 8215 8643 3741 6109 6390 5650 2435 5168 8049 1566
1700 7961 1017 8442 605 161 8239 5876 9606 9719 2299 4140 3957 5258 2188 1156 5868 1187 4718 9308 8830 3643 7545 3537 8572 4821 3873 1918 4716 9705 5078 7897 3714 8462 6642 7660 5727 4158 384 9005 3930 5614 1571 8550 9188 2629 8684 2603 3838 3862 9105 4094 3081 9025 9967 3106 9066 6832 9973 1915 308 4077 1452 7154 6098 5567 5897 434 9087 7667 9341 7283 5509 7403 1703 2362 6645 2061 1348 7784 1127 6621 6825 6359 8797 5190 5679 3679 399 1024 2049 3730 5286 6637 3649 6354 4786 5817 6307 9112
7873 6228 7533 3669 134 6345 9326 3007 1450 5301 6413 5835 484 6919 5464 9082 1406 4028 3925 9360 6265 5192 3032 1491 2166 3273 8691 3967 1023 5001 5921 3427 8143 2668 3696 9785 6962 1932 9694 8 1335 3111 820 265 5359 4907 4566 7209 7941 2737 5010 9138 297 9014 4897 6551 8463 9197 3596 9621 9495 4485 8277 6090 4905 4963 3457 2188 8913 9935 7208 3136 861 7137 2219 7763 8049 1313 7478 9583 7031 3246 9047 3350 8417 8321 7363 7393 1438 7683 3915 1338 7519 6448 3891 6102 2523 7461 7954 5160
1399 3380 5428 9187 8547 5496 5696 6024 958 5859 8693 6536 9403 5699 425 6586 9485 9436 4152 2291 6444 7651 3226 5976 479 5874 712 4655 7519 9414 8519 1047 3203 5538 7366 4760 1687 6254 5338 7038 9826 6793 3420 7495 4171 3523 2060 7266 4596 4220 8807 3921 3113 3389 8645 6057 9418 7725 8551 4702 3193 7523 8620 6016 2546 858 5695 1219 9089 7986 1774 3995 8438 2115 1352 7706 7319 9086 3578 6153 369 7695 4499 8464 6961 93 2439 7087 5103 8654 9274 6288 8596 773 7557 1871 9758 277 5943 2026
5877 2580 1576 730 8549 2559 741 1362 3181 7365 7422 1111 7973 6818 921 5660 623 4771 1967 8176 1547 1483 4180 4200 230 7729 5217 3499 4284 3570 5201 6675 4289 7581 4574 6047 8863 272 9399 3953 4228 4679 215 5703 7098 5383 569 5483 733 2950 8187 4367 2105 797 253 8167 8337 4613 3309 1971 7382 9051 2982 1835 4357 4090 2051 1509 9026 2941 4970 7497 1234 8575 7405 9489 6102 2949 3382 2491 4232 3885 7719 7202 4753 5540 4429 9812 7032 8477 6844 5767 4401 5363 4539 7991 3245 4668 7402 5081
8709 7415 4092 8249 8662 1734 5983 8148 3693 2391 656 9819 7234 4996 8931 3376 270 6384 3602 5444 59 3236 8046 3926 1172 7463 4571 8234 6636 3615 7867 4433 5606 7930 6938 3710 4020 2527 3681 4773 8165 5322 4262 4525 7358 396 1387 9817 7631 1244 3178 9552 5195 4454 6441 7298 2299 8911 7346 2778 8896 5320 4659 773 1605 6572 6312 7887 463 3098 5418 5220 4495 3306 4158 5155 2387 1450 2315 5735 7341 8774 9523 5948 85 8082 6787 8666 940 3480 9647 1348 2548 4516 4141 3526 516 7588 4776 2566
8605 5400 6148 7775 36 153 1946 1284 2600 1556 8650 1471 505 2123 1174 4421 5343 2452 913 1191 6050 7214 6321 8459 4360 2441 8100 569 9433 1154 8391 7851 4964 2631 406 6764 5583 4847 838 1068 5448 6627 7760 8017 2034 3830 7576 4513 7095 4925 5369 7298 9661 5931 5818 3231 1390 1573 272 3342 4374 9669 4343 812 6229 6707 1887 7992 1993 6965 709 1657 3612 814 5832 452 7640 1816 7075 8895 7877 9810 1372 5146 6532 1600 9923 3959 6987 6349 2901 6853 2927 1692 1668 6432 1436 2449 6512 5570
2729 6633 2228 1008 3010 5893 9020 3741 5891 9417 9996 138 5586 4914 8215 8425 6768 448 4093 6068 9307 1810 3925 9395 4356 8901 2345 2801 2348 7209 7976 828 8719 8451 1607 9196 8833 5836 5324 6886 7046 5307 5257 5175 1438 7718 2006 5047 6832 7758 4073 31 1808 4322 5643 8610 5070 7270 871 5187 9063 209 6503 8019 7303 9331 7053 8921 8382 293 9843 5491 8761 114 343 9925 9228 2481 5826 7309 8140 8302 6166 9868 5532 5626 6981 3199 3401 3332 2018 2665 9330 2248 7045 502 3381 7302 4526 5177
966 1245 902 3942 922 9979 8421 7467 6703 8252 5989 9883 7463 7497 748 4490 2221 7306 3637 6426 8198 6701 8649 2237 4130 3632 2415 8825 7329 4075 9546 9312 5726 7050 4418 6506 2325 6676 8608 5372 7270 776 8939 4714 7792 7236 7525 5197 6983 2707 898 4736 3425 8480 759 7310 2843 3923 9697 4356 8806 6097 8459 9931 7942 7482 8729 6371 4105 3591 5550 1958 4473 592 5435 9775 8887 5029 303 7763 7989 3156 6838 6472 9074 2934 870 287 932 7994 7167 6211 5844 3641 5632 5695 8200 6304 2394 7990
6430 7040 6039 9601 3034 670 9602 7839 2546 7475 4751 5087 8440 8335 4160 7320 494 4510 7894 6639 578 7850 5366 8097 1368 1140 6370 8943 3556 7130 8188 8322 1737 2946 8131 4626 4882 4101 4021 9894 9919 9960 6825 3685 6541 17 4128 3665 504 2525 6640 5383 9726 3239 5009 3909 2105 9954 8016 2436 9296 8538 8896 7882 9021 8087 3353 2394 7626 9802 8167 7487 2369 7585 2930 1300 4631 8893 3474 3393 4461 2610 4778 4731 9057 941 840 5878 6535 1208 2879 6420 9025 7293 850 3893 5281 9959 2020 1809
4929 9230 1073 4107 2278 79 1276 8843 2840 8606 4853 4302 8602 5647 6805 7103 7992 6648 3243 3663 349 7723 5006 8956 5427 440 4670 5603 5532 4615 1510 2422 1516 1231 2765 8483 4251 3715 34 5205 4479 8492 7468 585 905 7434 7334 7170 9703 2249 832 6914 477 2329 4966 6889 436 5464 8106 4033 6960 1353 8569 7194 4939 7245 9826 2851 1419 5475 919 4655 3577 7413 6499 7802 4335 7055 7513 6663 5269 1782 8472 1431 3093 3417 9152 6549 7884 8072 775 3218 3622 3484 856 2150 5473 1316 903 7831
5182 2874 690 3913 9599 1712 1186 5527 9444 7462 609 4981 7748 3880 1139 9853 1328 7361 5647 5638 2421 5551 4680 2451 9603 918 8690 7026 7099 7619 4469 9310 4040 9407 9803 1246 3624 1920 9933 5462 7336 5606 8773 5561 2695 1197 8347 59 4079 6669 2911 8356 3276 949 7540 5140 1204 1954 3184 9204 5067 684 5104 8350 4467 9707 288 3654 5972 6171 1694 4759 1780 7702 3004 4906 7625 3278 552 1285 886 5035 7036 5114 6365 3213 8451 9436 9050 5615 1983 2431 3566 3426 1195 8744 6314 8333 2838 7836
4466 4012 4068 2959 7945 8917 6108 8306 2304 2868 991 8320 9532 9118 1234 5116 5078 2614 1375 2145 9412 2917 6275 174 5379 7911 5659 2366 568 7226 6537 8209 6548 1022 7170 7646 3223 5576 3831 4972 3641 2659 7453 6509 3760 4055 536 3571 6547 6224 5294 9773 6311 3035 2866 1388 4568 3779 5287 6159 3186 7917 4468 3615 7820 8712 1769 3992 8038 5467 450 628 5323 9020 673 1394 3377 5028 2532 7645 8425 3700 5958 8060 1100 1694 3869 7436 4880 1889 186 2997 402 149 5338 1039 8799 9517 7092 3115
4040 8267 4792 9100 4557 709 4005 204 9181 3489 2560 1837 251 4855 1598 2661 6806 9601 175 9934 9127 4201 1326 6618 6891 7739 9530 9265 6829 32 3295 1041 8152 2602 3507 8994 5584 1993 9313 7308 17 1269 2922 29 8894 5420 4526 1859 5891 6099 4839 4774 2666 810 8974 9554 4501 1818 9026 9239 1983 1291 8562 1273 2128 7533 386 3075 4683 5719 213 2391 359 3431 4066 3106 3533 3833 4325 6733 9081 3325 5093 4390 8841 930 5168 4513 9443 1517 3729 4955 1762 128 4253 1011 4100 6364 7275 1564
9992 3503 5670 818 3268 7286 266 2763 2455 3551 6149 803 1242 9167 2150 9055 4368 9090 2424 4701 8035 6698 6907 445 2256 8028 3084 3782 5327 3858 248 6336 8715 1809 1691 5100 3886 4697 8829 9201 5408 2790 2099 4168 8762 7490 9807 5201 8855 4040 4149 7530 1867 185 3831 604 5719 6102 5129 3133 9066 7188 9712 9048 754 5965 7306 6303 255 9950 1833 6934 89 2873 634 9771 2340 1361 556 5240 6117 7155 1252 7182 896 7799 3509 4479 2067 513 8772 5505 8553 3945 7996 9436 3792 3342 2604 8999
6042 4526 5242 3214 5492 3624 4163 2245 2702 7054 3784 2424 2195 2620 3317 57 6719 5236 4405 4243 6379 2677 7013 6919 5564 9346 9144 9213 520 9880 3215 290 5500 2036 9164 5243 8019 7368 1497 1075 4786 3667 631 2857 1304 4361 2970 3891 6202 2787 5192 3132 1755 9904 8458 5286 4487 7980 99 8389 3972 5134 4638 3024 3179 7436 8013 8559 248 3830 3300 8435 4848 1367 6866 1074 9988 1791 2758 5945 8770 3396 9393 4818 7322 621 4842 2558 5617 3829 8502 6559 6975 4455 4325 109 6404 2718 3878 3779
3021 7287 1074 8497 1057 6868 9193 2999 1647 9837 5256 8951 1001 7977 4207 2027 4456 7639 1251 8387 2878 648 2995 2441 2333 3757 1289 844 4117 9885 5735 8936 8982 9858 6091 8319 6369 3171 7533 2278 9671 8186 7752 3838 221 2695 1949 9932 1409 7045 9083 4820 5434 3639 4698 9637 4928 4010 6107 5143 6364 9167 8160 2906 5097 5488 2927 5932 4856 8295 1126 8182 8546 6341 8729 5040 1792 6072 7087 746 3556 6163 4034 1343 132 5351 5104 9102 6052 1050 3254 6068 7881 3249 2057 8508 3877 7490 5810 9059
7457 8175 5750 1773 5658 21 3185 5572 7085 1961 8368 2464 3589 5434 4457 3255 1684 8314 3176 2355 208 1090 6139 9616 4911 3199 2793 3328 2204 5164 8017 7092 5575 1486 7589 1987 3207 1205 8329 5202 474 8331 4805 4226 4077 8636 9308 6007 5797 7454 3767 122 8154 4915 2405 290 4827 9866 5321 1870 1414 1867 7013 6246 3387 5503 5771 2608 5026 5389 8386 8898 7336 7176 8915 8965 9047 2777 6504 2209 9175 7390 6464 142 4184 2407 9900 8579 5612 9152 6952 3344 9035 5159 4006 7719 6203 6919 4891 7169
7916 8312 9762 2133 429 8442 3971 5845 4115 7282 4070 1204 9713 6856 8575 2588 5178 1420 6865 1785 9465 6049 3649 9720 463 1693 7713 3576 9200 3613 6859 2976 8216 8804 2163 4481 4680 203 3268 289 6211 1513 3415 6134 1787 9068 9801 9402 3544 5545 3623 4874 1722 6960 7945 7559 4124 492 940 2075 1935 9711 7253 4823 6842 1347 6345 4935 4624 1312 8289 9324 9020 9322 9417 5570 3664 1739 8589 9816 1421 1663 3661 7338 2961 6190 678 4047 766 6593 5742 9550 4187 2997 9051 8172 7531 9682 8006 454
8832 1042 6279 2459 197 8896 8352 6259 6429 2705 1401 63 5474 7143 1074 9934 2449 2182 143 9608 7118 1033 3062 5589 9333 6667 5497 7581 4194 1041 1474 583 2324 1977 5811 5294 2845 3632 2521 7904 5124 6569 4936 3859 2493 3455 2631 6083 1337 2760 5494 3173 8573 7422 731 2967 9436 1232 8592 8654 6354 2582 799 9483 6913 6701 8755 1316 1925 6126 7812 3372 4096 480 7759 8889 4738 3134 1304 4307 3628 3315 400 3625 8914 4779 10006 8171 7163 7111 7426 9944 464 928 8894 8749 2507 676 8881 6326
544 574 4626 864 7103 4526 700 9636 7079 9290 5711 642 1135 8348 2565 4689 3369 5207 616 6296 9607 7832 4921 7352 131 7502 377 8706 1551 5828 2435 473 9664 1521 1776 6197 4241 2234 5347 2847 8754 2030 5813 409 2354 1541 7813 3689 1729 516 6132 2133 378 3504 3427 3701 9354 3014 622 5105 849 5077 6407 2584 5921 8992 4822 1986 4540 7928 5879 7322 6086 1257 4145 1276 5377 6899 4992 8269 3236 6590 1283 8991 17 110 6667 1009 3338 6357 2502 2184 5265 9117 5027 6325 8854 2194 3280 7863
2601 4153 6298 5813 7019 7796 8670 5300 3776 6080 9058 8338 1153 1378 1747 3553 5314 997 2323 9301 5134 6706 4881 1888 582 9648 1300 7223 7330 1101 1693 4265 4080 5778 8963 2178 3059 3303 4904 2326 3702 755 325 5624 9511 3477 386 8526 3863 3821 2151 3415 2686 2291 5646 5144 4721 3627 632 9730 5037 943 3035 8067 9915 3339 7765 9820 7186 9671 1738 336 8444 126 94 6446 6456 4471 3217 1961 1102 6498 6141 1953 2690 1497 3143 6643 2376 3784 4492 4052 1329 6470 1692 9467 2204 7905 2044 9644
3741 1223 696 232 2273 2418 8660 484 2286 4841 3027 2854 2170 7853 5565 9418 126 3300 3702 3961 7588 3129 2621 3389 1046 806 8418 8493 8616 9218 9805 8366 8808 1127 9745 262 6325 8663 4892 7914 8467 3770 470 5065 8598 2784 6058 6624 4350 5424 2382 5799 2997 8809 5932 1614 8142 3237 1197 5857 1491 7540 2650 2636 5415 9172 8929 2126 6580 3077 2936 5907 1573 1270 6377 8348 2374 7387 8003 5811 615 1300 422 4586 8613 4810 4177 4740 8065 3511 6850 9524 9106 2016 8401 6864 6745 5349 2259 5197
8109 5797 4407 126 4313 8778 8095 8576 8164 9890 7517 3225 4592 8435 1128 5556 7214 8332 6563 2461 6141 6172 5022 3136 7248 1583 298 192 1219 2503 7811 4908 5751 3531 3893 2085 721 1286 4214 3412 2497 9002 3659 8506 2045 8661 6302 9238 6848 927 423 397 5558 6817 2077 2309 6292 1216 8102 2183 1282 5008 5915 998 1340 3502 4646 7723 2362 775 574 5448 8638 5864 6118 5734 1902 2022 8223 3182 8124 7823 2526 8249 8028 6865 2556 2294 4266 3097 9986 8475 3195 540 2190 4896 8133 1033 9403 9120
4726 4046 8935 4144 9496 7866 1190 5452 33 9959 1020 9176 1337 1290 5616 7507 7406 2437 3094 7774 9445 2979 5584 3852 7416 452 1840 6518 8586 8375 5227 9671 8153 9266 3486 11 4319 9783 5935 9231 5430 4400 8715 7786 7063 5477 74 6824 7887 2025 4820 5401 5153 4346 9427 6552 1837 2110 2958 4749 4484 2048 5258 8521 6267 3371 7828 8733 4213 803 7219 4532 2527 5243 6495 8148 5255 4113 639 9752 7085 1110 1318 58 10000 7892 6036 4193 4773 9727 7044 4245 4458 7209 6517 3781 6499 7354 2752 5612
8723 181 4585 1000 7129 6373 6334 9072 5957 8854 9202 166 2559 2881 9013 2658 8247 4604 2232 2745 5988 7704 7316 4278 6901 1596 8907 3685 9531 9912 9336 3588 3768 8066 5508 2914 7466 4524 8105 2770 6029 4569 4176 7134 377 5707 8444 524 1545 4020 8079 7931 7288 9836 4408 1110 5308 2586 2525 9630 5271 4927 3162 8273 9450 973 7485 5756 3721 2385 7399 2813 2497 5181 2778 4441 9570 7174 2444 691 3420 7095 3115 2592 1334 872 2516 6413 8401 4056 933 5418 765 8745 5821 5829 4241 9242 2233 7550
9396 6966 8985 3490 8488 7078 6767 3455 425 1460 1156 1458 1553 7713 5807 3882 725 1952 3564 3806 5804 9481 5104 8333 2821 6190 2909 8736 7885 1686 6330 5140 1187 308 9674 1818 142 2597 619 2979 4848 9114 2901 317 2884 8695 1013 4826 3474 1657 7083 771 2828 9804 6034 3854 6283 9466 3078 207 4705 2475 4822 4268 4160 5584 3116 2671 5944 1705 7562 756 802 1678 7918 139 8196 4998 9360 4105 1491 6 9579 5665 2048 4522 3776 1752 3236 8872 903 6647 7261 5466 6525 1457 6755 5837 7934 6970
2389 5049 7410 4077 212 1879 6214 1315 8091 3993 6879 4407 4756 525 4794 2989 6033 2219 8773 8714 5415 4808 210 2276 2462 5569 4260 8918 4949 7246 6610 2765 462 2289 4885 9943 6630 8802 7961 9784 3167 721 5916 426 9435 7398 6459 7721 7389 3242 844 6518 1013 7996 7840 8785 6332 7913 9305 3182 2747 4035 8549 3143 5485 920 1439 3491 6456 3313 1761 9623 101 8902 8125 7251 614 2138 9841 6863 7583 4761 4536 4167 2361 600 4917 3591 6620 780 9215 1033 4026 5332 6273 4614 8698 8591 4813 4221
1770 1812 3482 2218 2947 3342 9994 489 912 2006 5001 5910 596 4690 2598 7573 5725 2294 7875 5820 8454 5969 3895 5297 7196 5507 5539 9194 9184 1162 2416 3672 4531 9142 9499 3680 2943 4136 2490 8997 3257 1849 1141 1581 4304 9170 3941 6173 3429 7735 3589 5996 3539 5914 9809 2187 4097 5228 5882 6154 2197 2112 3974 4626 5295 7593 1755 9793 5363 4102 9239 5255 5526 6771 4810 8799 2532 660 1993 2578 1536 8233 4806 9593 5035 9168 4338 2421 7683 3904 8514 4066 6378 7768 2042 7862 3397 4080 3599 4011
1821 4051 1704 2258 2366 942 3410 3855 582 4821 8971 5770 5724 4848 8615 6387 8337 1528 7173 2421 5035 6520 6954 861 4478 2004 2750 4774 3290 7661 5623 9886 9272 1060 1 5069 9778 689 8599 9563 8342 5539 6546 1793 9609 9218 1772 8774 9850 6411 3573 6524 6160 8365 5977 9666 2907 8634 7619 3953 1143 8543 665 3356 4567 9355 9602 5604 8654 3649 1445 8638 6825 1450 2642 6198 822 7216 8896 5647 5122 4261 47 5945 6011 2917 6649 6365 2697 284 3932 308 9175 5304 8162 1241 9104 4387 5057 2153
9706 5467 1317 4518 4564 5440 1673 3901 1951 8760 3115 7867 5253 3768 3334 9427 5810 8284 7538 5514 6998 2627 4665 402 1016 9228 280 5219 510 9599 1689 725 1946 4749 3742 8495 679 1070 8516 1514 438 3877 6715 3764 4128 1923 4311 622 7381 1654 2669 6335 9145 1745 9623 6932 5721 933 686 4684 1634 6639 8843 1650 3463 8838 7646 4090 9466 3072 1392 4641 5166 6027 234 4343 4277 7371 3639 3923 7591 10004 6356 9980 1113 4984 2126 9047 1184 5901 5231 8135 2090 6186 3697 2417 6322 6722 7378 7253
9897 5415 4469 2117 8667 9402 8606 6500 4247 6156 2482 1260 3659 2790 164 1061 8136 9732 3143 5146 2827 7830 424 9493 5553 7097 823 5344 3552 9019 9579 8496 8321 8034 9965 1924 1946 7586 8830 2064 4177 37 1253 45 9672 5046 2663 356 2977 8076 1628 660 2675 7981 5475 2566 4600 1131 4248 954 4358 9140 571 5331 1129 4645 7209 8612 5309 5496 3401 3968 6499 9449 4280 4609 4348 1118 1825 6587 1988 9256 7566 2793 4572 6689 1755 468 759 8041 3572 5049 7071 5984 6603 8819 9251 3555 3420 5200
5678 2477 2431 1555 5322 3094 5044 8242 3880 9135 1742 3227 3661 7575 1185 8718 9464 1481 10004 4368 2330 6593 5979 7774 6715 1776 6485 7403 5306 6270 5049 2246 3253 8507 6316 5925 8486 5481 6557 3118 280 3231 2867 5072 2684 6373 9621 5341 4326 660 7857 5250 7379 63 1274 6062 6309 2311 5361 356 8159 5345 3532 8164 9356 2905 7536 3923 5603 2354 1829 968 6761 2652 2718 9631 3356 3072 9411 6998 639 7022 5882 2011 4869 7955 5811 1094 1764 8867 4905 809 3298 4578 673 273 9624 9749 9954 4286
2469 6599 7368 9830 1459 6944 3931 6595 8162 2326 9967 9289 3774 2735 3833 6034 4440 625 2374 439 9274 1748 4616 5717 2319 6353 6164 8656 4337 6060 9286 9373 7114 207 5291 6824 7737 1629 3220 2627 5257 3566 3995 3898 8142 6296 2468 1794 5492 1950 4547 4403 2966 3011 9089 3446 7801 8939 3200 6597 7765 6078 5713 3113 8856 4665 994 4180 2200 4957 3074 1587 1550 3891 4528 3171 7350 3396 7719 5202 9480 885 799 7863 6639 9435 4814 6442 3508 5501 5167 1417 5274 5195 5866 7767 5681 9465 8866 2680
6290 9331 1109 2035 8357 4315 6092 8606 9927 2887 9354 1547 5155 9471 3340 4493 780 2296 1580 3608 1330 3198 2659 4577 4120 9775 3038 4398 4627 4202 3505 6765 103 1586 2417 2579 443 4145 9816 9910 1258 7483 7685 7616 6302 6949 3607 6532 1322 4786 7665 1579 8810 9461 5325 5747 2036 3155 6191 3965 5518 2461 3852 2931 620 4035 1630 3690 5067 6925 8371 1536 2335 8849 6723 8440 2850 1688 2184 3798 3643 9393 8816 8270 6574 2992 3522 8394 1974 5455 9963 5748 6841 5031 4064 877 8059 3426 7436 2004
7026 3577 2724 6929 7821 878 3101 7147 4576 9566 9744 4432 8129 9789 503 2486 4137 1641 6754 7534 2809 5067 7169 209 803 2978 6545 3989 998 9302 2106 9518 9265 4447 148 7908 8626 6201 2224 6109 472 3636 6023 7536 2412 8819 2915 4040 5885 4908 3706 2135 8765 3627 2806 659 1541 6590 60 5362 3650 3244 3779 2655 5615 8468 7543 6026 1937 8040 2438 3658 1656 8780 5653 925 8782 5256 4677 4528 9087 9759 6458 6248 7905 4218 573 8605 5366 2856 741 5278 310 5772 2321 1865 2318 7464 6697 3838
8582 8707 8912 3244 7558 1824 9232 9773 7458 1660 1758 2319 6041 7742 5328 4171 8678 9665 8882 9199 1313 5592 1802 3592 8529 4217 9554 5898 1103 7249 8122 9954 6554 978 7044 3783 5640 2281 3577 6503 6098 1431 2183 3016 2781 4397 3845 3340 8516 1794 5180 3528 1219 4237 5584 3390 8598 5531 8907 9240 8185 2452 4658 7075 2633 3754 6393 7919 5218 5992 2458 3467 8324 9885 5240 1625 3702 6708 430 5745 6456 417 3322 2082 8054 3438 9077 5516 6881 1114 62 8744 6571 2607 8915 7652 3179 5450 9975 7389
6433 8349 8289 185 7709 5238 385 8037 172 5286 864 8022 8153 7167 2748 4307 59 2699 9030 8205 6852 230 3780 9602 4740 9175 4440 8683 2032 6335 7788 4567 8491 116 6395 5885 7050 955 4969 8750 3743 1936 5377 7818 8619 4729 6355 3818 2059 5979 8405 7180 5171 8681 2429 2583 2035 736 3409 8193 9234 7739 9290 6630 4269 7602 1460 9800 5465 357 3588 7686 4800 7272 6923 1147 6885 8690 5646 9460 2906 2965 6264 6871 1462 9403 9217 6110 7419 2761 6730 4433 5069 8914 1210 9390 6794 1736 5049 2877
95 8136 8114 2474 1230 7996 5883 16 8807 8 388 5014 7397 9704 7083 1984 8432 9400 7385 2079 4585 7494 5460 8929 5812 9106 5702 920 9489 4729 8931 5415 2851 1448 4751 4564 6659 6092 3561 611 5780 5451 5712 8942 8235 3473 8072 804 2494 7267 5488 3371 8305 9592 9301 2019 6488 5011 2989 4076 3457 1241 809 6505 6640 4860 7945 996 4410 7207 7391 888 5834 4739 6946 4161 1595 589 140 4207 2471 6829 2368 2257 9280 1184 7120 9650 7795 750 3206 6033 262 4 1182 7517 5898 2042 6926 8131
2250 1105 3230 6715 422 3711 6303 2148 1338 2011 3515 5181 4711 7943 6839 5829 6174 2737 9509 6205 1587 7623 310 5929 6338 204 6956 7622 5512 4053 8465 3292 4415 6657 1928 4980 9585 1126 4065 6083 5790 8912 9629 2399 6553 2558 9 632 2054 9990 5793 3313 5250 6025 7296 174 2904 1377 9280 6630 2284 4363 6972 4446 5507 42 9092 3920 9848 3959 7110 7074 4213 6726 3242 4333 2920 8208 9275 2619 2911 4991 2398 1748 682 2136 3720 9520 9025 2209 4240 6370 3859 6946 9607 6766 5309 9324 7903 4772
8927 9137 7480 1160 4805 6780 12 2522 4637 100 5068 9613 3057 3513 3060 7921 8688 1540 9431 9163 2319 9908 9545 6548 6036 7598 7758 6019 5969 5887 2150 8430 2718 5759 7544 8470 4785 743 2520 5034 6355 9322 5782 7982 1583 5899 9775 921 7215 8731 8015 36 7765 9633 9094 1005 548 6203 9473 826 1055 630 9940 3193 6538 8021 8852 9014 6878 573 6244 6338 7693 3911 4113 4044 2730 3377 35 2960 7757 1214 4093 8014 5238 5889 1753 2175 8471 9590 2619 393 1946 8896 280 9366 7055 463 8065 118
908 2623 7437 2523 7273 5056 9826 3639 5901 7209 7753 9846 9676 3393 4697 6035 624 8962 5024 6171 3649 3916 5955 6497 8987 5065 3036 509 6772 9438 601 8524 1904 5057 4624 5515 3774 4121 287 804 3253 2466 3577 8201 974 9536 1162 2239 3605 2643 3467 15 4761 3338 604 2925 7532 8683 5367 3131 6669 4866 7513 7451 9751 3516 5299 6622 9192 9404 7350 4782 4173 9979 8293 2726 2002 5618 8346 7216 1360 2964 4794 1791 2470 2783 5698 2473 7191 1319 6099 7934 8942 8994 8679 6161 5634 5170 7211 7356
3153 4841 4 4480 6617 7720 3925 1704 7268 3584 4347 8000 8387 6620 2121 9553 5330 8011 1200 7242 8745 5606 3260 8619 596 7052 6432 9418 7110 4926 8149 3828 5948 5422 9763 3673 1691 4845 9217 1977 8116 5375 4082 5564 1590 9883 9874 6657 9787 8916 6687 3832 5154 2919 1255 1328 1848 8705 3539 8276 3636 4032 5482 7860 6156 4162 9698 1565 9842 3002 9797 6931 5433 2576 4295 8315 898 7147 2585 7512 5185 1769 9376 5440 6190 7420 3433 9303 4920 9340 2579 8703 3936 4524 7890 201 400 5930 8995 6016
4908 67 5337 9977 9581 8131 5753 7457 9451 3915 2041 3771 604 3816 6682 8180 1030 9318 5298 2708 6466 1021 6101 8428 1837 4237 8173 7423 6193 173 4310 8693 4273 1027 4910 9677 9089 5723 3405 3206 7683 4618 7597 1675 6373 4471 1752 6099 8825 8092 8491 4342 2341 4263 3012 6164 926 9948 327 3762 7394 6946 5811 5951 8182 633 3063 1044 6539 1541 2951 3262 6574 9604 8569 8873 8571 8476 2316 4222 6147 9304 8077 6465 6223 4225 548 4925 1696 7208 3839 7120 1293 2144 8343 3699 4889 8842 9721 355
8999 525 1438 5337 6928 6335 8965 7274 7703 7606 1843 10004 6176 5502 9200 5658 8255 8111 6674 6719 2790 7154 1502 2640 6908 298 1466 9786 9421 6821 2557 8373 4702 7888 5908 8665 6782 5295 5258 7599 8236 6879 1051 7104 1420 8910 3181 4593 4507 1564 340 3136 8522 143 7216 9209 8875 5125 8982 8903 9574 1468 9389 3166 2567 6388 3448 6632 5049 4054 6425 1107 5995 6406 9882 372 6791 8512 2128 8470 458 9734 9736 9339 3084 8837 2661 7743 9673 6834 4980 2740 7072 7772 8920 1196 3339 3251 705 5736
4976 6388 6302 3359 2135 4931 310 1938 9011 997 663 6920 770 691 1362 3263 1177 4961 4362 8183 5243 8427 6844 5849 8220 2902 7790 8201 1670 2167 8586 300 3923 258 2253 1522 1524 1127 4879 625 4456 9538 1461 8629 6775 4535 8867 9567 708 2991 5134 5046 2500 7531 4574 6129 2675 7818 2643 4163 2653 2178 1399 922 540 6318 183 2130 920 937 2566 4437 8306 5845 9014 5405 6291 539 1513 8314 4257 4008 8403 1601 853 9233 6965 6848 5055 5717 4401 5445 8358 5530 6496 4878 5827 2580 1658 4549
2834 2413 922 1679 6523 5661 6649 664 2857 2851 4042 2793 5548 4062 8830 3040 1550 7112 3825 836 8743 5299 8457 2028 2292 9930 4844 3708 9050 9405 3983 9501 4941 9471 889 3226 4657 5803 8483 6874 1033 4663 4612 9732 4119 2519 9902 395 1215 8564 5806 2884 2495 4659 5406 2228 2620 4864 9745 6542 6893 2265 279 4227 1095 2363 840 7949 2796 9956 9690 2449 3783 9173 0 4570 8062 5383 1790 9507 3750 713 8141 4712 9896 1586 9973 1312 4320 7652 6712 3169 961 8948 9638 2764 6301 9700 464 2529
1895 2983 7169 6829 4270 6878 9554 8739 5401 7532 9826 4782 5316 9394 471 5451 7614 3556 8509 1021 6353 8693 4525 1292 7598 6732 8514 5032 5726 8065 9099 3990 2416 4638 3879 9439 6549 9815 1962 4694 2770 4418 7521 7006 4160 8699 3334 2541 4843 8218 3746 815 7216 2503 2379 6979 4516 8082 721 5861 6285 2177 7048 5830 7435 4063 2936 1488 8720 4169 1909 204 3412 7072 1066 2424 3050 8880 2430 1859 122 9682 3345 5361 5465 4835 9806 8752 7824 1899 2189 4666 8328 1925 7035 3407 3061 1693 3052 8483
3880 5167 4876 7601 2063 586 8571 9658 9039 6823 6391 2080 2215 435 3520 6578 9992 2782 2966 6470 1409 314 2521 9743 7177 6171 5722 9789 8053 2404 7950 7839 4855 6766 2695 5225 3370 6332 8788 1608 5844 5586 6764 3092 1473 7624 2501 3706 9685 8683 7440 9004 8767 773 6476 218 1563 9773 1222 2409 1954 7212 4227 1333 5393 43 1276 1697 3188 2431 7594 8456 7468 3446 1253 1259 68 1317 8569 48 5287 1070 2560 7005 285 3274 5374 8818 5660 2082 1818 4187 9273 402 5067 4712 127 4616 9176 4646
952 8479 409 1184 2455 5340 8070 6543 4439 1789 7450 9529 2131 9612 666 5208 4251 9086 5007 9125 2269 2233 9379 1885 8408 9499 8086 3367 4434 7785 8077 150 7564 6914 5848 7302 8886 4679 4184 7375 9406 1529 9025 2105 4766 1925 468 4483 3062 9938 6004 6357 1332 3098 2792 3491 9841 241 4511 7511 2424 6490 9956 2431 97 3074 7556 8502 847 4304 3569 4365 6471 8724 6815 482 1704 9312 174 2800 1903 4835 3239 9828 7825 137 5141 2540 3478 7418 5874 2141 7627 9419 3952 3392 4475 4650 4937 3006
5639 5474 3202 3879 4589 3752 4781 5668 4721 7571 2238 5100 7392 2745 9534 7859 5112 5010 5243 4024 824 5583 6583 8223 2907 7398 1554 776 5104 6598 242 1026 5514 5269 8870 9572 316 6351 4240 7983 512 7473 1677 1378 5691 5159 684 3352 4125 5793 4926 1903 6552 9373 4793 3286 7219 2061 5210 5571 8965 5725 8417 4426 1083 9210 2124 7715 3675 5055 1314 8388 5179 6721 844 1613 4075 5711 1189 8183 840 2407 6578 4212 3534 8026 6987 8085 279 8692 4877 6626 4691 3519 6000 8868 9969 6571 598 409
5269 807 5898 1038 5076 4093 4082 1262 640 4023 7970 33 9432 29 219 2532 8727 4877 8570 1017 4241 4725 8721 6068 7321 3772 2755 9493 2931 4578 2876 485 9773 7393 9494 7736 6454 749 7404 2307 8358 3071 6809 5334 2915 7754 2881 4496 9146 6765 4061 427 1272 8662 2769 6714 9181 4821 9679 6038 3269 7534 6523 2063 6757 5649 5433 8281 3345 2455 9001 523 2230 8632 8724 469 2942 7398 3498 7109 5826 5323 95 7132 6264 8443 1209 6157 4665 617 3585 4850 8926 400 1628 8045 156 27 616 8787
4378 2307 8117 5637 7574 8349 9620 2498 5228 3701 1597 8954 4608 6687 9296 6770 7831 2366 1409 6244 2165 6283 9434 9398 6537 9050 5566 6657 5244 525 1592 4943 5235 7315 4722 4072 3006 4460 6044 1837 1342 4533 6564 8694 6183 9270 1924 9090 7633 1641 220 7096 3162 3515 8497 256 9957 649 6999 7406 1669 4669 9589 3648 7114 9596 7262 232 4714 5660 8012 1462 727 1523 3629 5882 3973 7647 8869 6470 7339 9965 9068 1993 397 6986 4983 7302 2299 9705 636 4576 3032 9306 4785 6577 1110 550 1633 1808
9075 7001 8403 295 8613 8645 2293 2283 4268 5522 6778 7637 2241 2598 6786 6049 7242 5596 2096 6363 4955 4247 4687 7410 2269 7047 9279 6535 834 6695 9102 6645 9020 2908 5293 7203 8334 8988 9260 5303 5218 7080 7732 8401 692 4861 2892 8469 7208 2338 8361 8632 9877 7916 1898 5638 3766 5099 5684 4642 1332 7912 2692 8141 2267 7444 5527 782 7010 1613 7172 9484 867 5148 961 6503 7186 6705 7117 5391 7764 2049 682 6846 4146 9725 8067 6949 8718 2813 9140 9109 252 2138 8033 3691 4976 5082 4055 2771
9270 2023 4548 8689 2271 5355 3608 5146 63 3335 4298 8279 3600 6734 5069 337 8988 7965 5887 8083 2478 9297 1667 5165 1295 8958 3913 9649 1844 5055 3116 2738 7722 9091 2530 8982 9156 4638 831 992 4058 5884 3675 6857 5671 924 7549 8407 8213 6694 3002 5353 4005 1394 4317 9511 9223 6349 6439 8588 7309 6012 8288 6817 3604 5940 2566 1836 6643 8122 9747 2405 8777 4817 324 6565 3591 3517 8199 9473 6759 5110 7209 5848 814 9370 2187 2015 6136 3688 9280 38 3294 7433 1412 744 3251 958 800 2142
5277 962 1891 2614 4200 9603 2853 1790 7652 4857 4276 4524 5331 250 3125 7840 7567 6719 4928 5193 7629 4419 1156 3410 6306 1849 944 5464 8874 2458 5145 7150 4434 3182 1529 4422 5564 9038 9932 2592 8567 8359 9619 9684 1785 3641 5484 4904 9957 2633 5432 5219 2468 3160 5896 3178 2323 6925 4065 1376 9775 8739 4238 2060 4092 1020 385 1345 918 618 126 7725 5377 1126 9365 61 5617 3521 9290 9945 5015 2934 722 9503 2689 4323 198 3440 351 8094 7183 2887 5048 1387 2588 9361 855 8120 2022 1628
4830 6061 6879 4618 8115 9447 5227 2309 1126 787 3033 7517 8066 4163 3366 6462 2333 6369 5783 2020 3454 9008 7309 9326 4228 5474 8318 4176 5789 829 4703 6253 8795 4558 11 6964 2756 7463 8778 2929 8147 3095 5217 4294 2380 2043 3892 2121 8423 8351 2629 7655 687 2869 43 612 2746 9448 25 4185 9006 7706 5574 8482 1643 3236 2246 8628 2683 6943 1921 8095 3410 7735 4821 2844 2 3747 5886 6592 6549 74 9469 860 3553 4367 2900 8900 8733 6858 3783 8747 4079 26 8990 875 5579 2486 1016 2608
4592 8955 8505 7767 4155 633 9267 6615 2666 993 7856 1499 7485 90 1972 8661 6822 6608 9059 7875 2731 3101 9712 3342 6905 5143 4655 1453 6609 3857 9751 604 13 2246 4307 482 4216 3535 3619 6959 4431 5889 6679 9976 973 1819 4007 9997 1808 1187 9375 5191 5134 1438 4583 5738 1628 6896 1926 7785 582 4380 1002 1066 8376 8356 2319 4827 7339 9057 8272 8986 7355 5881 8267 4975 7982 6509 3693 2277 3157 8603 8328 7877 2334 6853 5458 7173 1980 7073 1816 9606 4369 8189 444 1752 2296 4389 4219 7943
1152 2347 304 556 569 2992 7366 9736 9620 2625 5163 1720 9683 5130 3267 7817 5272 5101 4020 3448 6913 4590 380 5484 3047 1452 2839 2712 2904 4820 4760 6663 4180 1709 6863 4508 6650 1757 7342 4493 4624 3638 9226 778 6537 9177 5501 4676 3323 6708 251 6073 1211 5646 911 5154 8510 2806 4259 1038 4962 6594 2866 2356 3521 7433 1440 5221 214 8414 1848 4289 5090 1200 2826 289 8537 2450 4876 3651 1642 5152 8907 9061 8513 7214 9887 4664 5705 4210 5761 3101 740 4073 7938 6271 1936 6835 59 4157
6932 9261 2273 8425 8107 1181 5033 943 2241 4770 8117 9203 3779 9694 1382 159 7760 5015 4516 8501 3028 3659 3493 6423 5224 8061 305 8800 8722 4191 7968 3755 4451 6393 1172 1816 4073 1370 2541 5262 518 1544 8030 1455 679 4610 9856 9253 3861 3424 5109 5871 4719 3230 3590 2179 7070 1882 979 5102 2257 1594 8112 5192 4406 315 6815 7468 2935 7109 9151 4094 2205 1909 623 5719 4870 8281 6670 1226 1104 5307 6596 5908 2378 2593 4947 8007 1017 7566 3496 824 845 1680 1048 6416 1610 4936 5187 395
3271 9629 8448 7712 3703 3933 8313 9492 618 875 4899 6695 434 7378 9960 7790 8234 156 2519 8796 8683 6096 4255 4438 3137 6207 7239 2527 7208 3677 9094 9572 4752 850 4858 9830 3574 4522 6477 3679 8697 3317 498 4681 9940 1753 735 2668 4237 8011 9397 4465 2781 6824 9852 9214 5766 9718 5792 4557 4533 9297 4301 5314 9377 8435 5289 9336 1563 8429 6480 8087 4318 6943 1241 2297 2828 2498 7961 9315 728 9061 1112 2886 992 6692 6033 1750 6334 7047 611 7268 1774 1570 2036 9605 3205 2716 4716 7996
1568 400 2087 2452 5052 9316 3500 7171 3985 5965 3208 5091 6578 6615 4274 3637 4994 815 4769 446 2963 8692 7280 7366 302 1526 8737 3351 1723 4657 2664 2998 6748 2891 2970 2299 398 2484 8707 9306 5485 8425 5241 6824 7819 5448 759 5878 5467 1991 1494 5082 3361 9745 3403 1408 2139 2137 2534 8789 3036 9212 4130 2200 5039 6893 9133 4801 4101 2953 670 8534 8622 1161 6137 9094 7539 986 5850 1018 9505 1008 1483 2262 2739 3121 7350 3478 1531 2741 2724 1095 9231 5362 7823 4654 8263 7377 3122 2148
415 4329 7946 5472 6218 8242 6758 1122 9091 3347 2733 4528 3469 8537 3239 4157 2060 3024 1803 9007 7 5261 3070 2679 5240 2235 3311 9879 7041 9992 9628 1826 9445 3127 6375 2095 1080 7421 4611 2004 4133 6824 8035 2816 3063 9072 2115 7117 4913 2099 286 4918 6110 9666 4290 677 2357 9115 8590 7729 3515 9413 9479 6385 110 9833 6165 3752 7400 3776 2636 8772 1623 4709 2565 7855 8525 5621 1659 7570 52 1332 7434 7034 6378 6503 6708 1040 5354 9627 7028 7569 5254 9463 9561 115 3837 5538 3124 1967
316 1160 3745 5983 2048 7603 702 4595 7377 5535 913 7743 2933 7053 9807 3516 6408 2745 4343 7364 3112 6546 5373 3049 4041 7269 6959 8452 7298 6206 2814 5657 6717 6454 3621 576 9592 1162 3348 9735 7801 1427 5784 6525 4538 3681 8680 2068 3633 8201 2083 5659 6320 199 9374 4407 4667 3092 509 7881 5561 5759 6484 7673 6821 5824 8592 9529 8664 5244 3638 2205 1456 5031 887 2897 4192 2313 32 7499 1332 9631 8431 6463 6838 7453 456 3391 6203 8413 29 3091 5711 6005 7688 8847 3943 6708 3237 6751
9733 7241 1553 9837 6611 6524 8783 5683 599 9073 8160 4261 2670 3263 633 2324 1895 1992 7755 9601 3422 4096 398 3940 1343 1487 2924 2879 6808 2444 8096 6958 2690 9300 8132 9819 177 2777 7041 1225 4896 1710 3690 933 2816 4303 4340 1999 1362 2719 8547 2494 8178 688 6417 5005 5091 8034 9258 6462 1076 9455 2382 389 723 4473 616 695 24 8130 209 6432 7031 3210 6150 2966 4549 5544 3173 8491 3603 3192 9723 9226 2807 1086 7470 1128 9140 9871 9869 259 6514 761 6937 1855 9932 2764 4618 6858
6419 5576 7796 7434 9242 599 34 7113 7915 8830 2325 7668 2821 9282 2666 5025 2089 4479 393 897 923 5769 4510 9250 9018 5035 104 3225 9144 38 6319 5412 322 9987 7825 6681 3604 8965 545 746 5879 2689 5463 5209 5593 9425 9305 3104 8145 3203 3504 8801 3078 3299 4462 8771 9033 7061 8230 1341 2852 8132 780 9137 6431 3194 287 1924 2207 1070 1607 86 6798 5397 8303 1861 9709 2966 5517 4497 6827 4644 2665 220 213 6606 3481 8363 9965 2185 5437 363 6852 4685 9537 7087 3069 82 7592 7900
9311 6570 5277 6759 2785 1071 1062 7852 975 104 7882 5027 6349 4114 2450 2523 3043 9900 4734 9471 4831 5227 6677 9055 7351 5357 886 2760 1030 4197 985 8126 6628 3771 5490 9510 2093 8342 3780 8707 6380 2964 564 6635 7385 8615 4628 491 6115 528 3774 9898 5131 5719 9085 1396 1595 7125 183 7211 3126 8435 330 3049 8709 5983 6716 6317 459 2460 538 1789 8644 3875 4860 4474 1039 7414 7862 8997 8857 6626 4168 1738 3757 8269 3260 1850 1539 8234 5204 6239 5935 6237 6332 2485 579 8661 5504 6731
2590 2689 8055 3646 3220 7725 9109 4574 9145 7435 6632 912 5541 2325 253 1258 6909 966 4829 3559 5479 4625 4025 3041 8232 3536 5041 1505 2911 4016 9831 1355 2665 2812 8657 4233 1781 8167 1428 3185 9669 3491 8970 7148 8563 2878 5563 7965 1497 4499 9022 6833 6045 2351 5099 10006 1642 734 846 8635 8600 537 4926 9322 7325 8453 4699 9350 1767 939 5185 2942 2866 7945 5467 7007 1527 8551 5260 3065 3468 8532 4028 7449 3853 7162 5784 9128 5806 4761 7050 8002 9163 3862 372 2654 9999 8035 7616 5728
8123 8570 4900 2884 2780 3410 8446 9500 421 6346 6056 3579 9924 6320 1210 4838 5184 6552 5193 9769 2063 633 4292 3488 2970 5723 4634 5650 4114 8800 9280 4063 3913 3667 2463 1289 4167 3283 8638 1409 361 8249 3573 1108 5071 3965 3352 9952 762 3703 5324 8783 7651 2192 44 6128 9301 4898 3281 9035 7664 4615 4418 8498 9185 7910 5819 5592 5620 62 2555 3041 6640 7739 4738 5020 9085 7746 8352 8145 4203 6144 6125 4893 9277 9662 8292 41 1720 3673 1272 2538 1412 4769 3870 7199 1851 2687 6860 4097
5517 5612 1765 9866 7941 4784 6011 7623 7865 9863 3533 9163 2385 6880 242 6968 2788 1937 5745 382 9199 5246 4367 3726 5877 4201 6656 4678 7038 8907 3166 6960 4376 6943 2747 5072 8885 7533 5716 1135 4830 6887 3856 86 7913 335 3518 7137 4266 8764 6534 8881 8327 8219 9643 7175 6730 10003 5764 1614 4815 4861 5737 1970 4198 2248 9057 3412 8164 5550 4065 3631 9724 6107 8581 7835 5811 7295 2924 4962 699 1313 9525 577 5516 807 9896 1986 1022 2243 5046 4039 8792 976 1367 8813 1811 735 4174 7012
8383 8604 9767 4069 4331 2359 3528 6646 8157 3430 6085 4435 1729 8499 5592 7229 7512 6375 6912 5391 2096 695 3601 7166 5007 8271 815 9802 2125 9949 7970 5525 5518 1904 8786 3661 5263 7490 735 5668 2150 9990 4835 2385 8374 5387 2890 3198 2102 9511 4850 4411 6493 3503 6605 1285 6570 3229 952 7625 8962 8753 5208 3397 7632 2569 1871 326 1795 5405 9324 6945 3844 3962 553 1767 956 6831 6459 245 2863 3554 1485 6898 8170 5853 452 6805 1613 1504 8130 3786 5468 1822 5049 9941 9558 524 2520 6594
193 7533 1558 1766 506 441 8340 6484 4641 5221 168 7492 4693 4906 7657 6965 4229 6947 7802 3200 6060 8749 350 1386 5887 8065 6033 9105 9740 8780 9207 9507 9999 2400 4748 8999 760 57 4508 6604 835 180 5110 7191 9403 622 7436 5802 9927 6685 9774 2031 2942 7238 5077 8738 7537 764 9270 2005 8103 8497 337 8970 1513 5695 6149 6093 7202 2216 1244 4053 1855 7857 7293 9170 1841 629 1043 8927 5045 5083 7547 8786 8016 749 7244 3886 9987 4782 2250 4502 7795 9593 2935 3624 1952 3613 9139 2991
7787 2060 3075 6741 9551 2151 22 7338 6127 1339 1092 5090 2040 7045 9249 2056 3869 9244 8052 4496 9872 3478 1798 5047 5572 6433 640 4749 4683 7777 4045 4329 7997 403 6762 379 1519 5390 2532 9453 1590 6307 5637 8541 2496 6592 4103 2823 6728 7128 7784 7659 7454 3115 8808 4535 7134 6593 8908 4699 4601 4040 318 8624 1031 2188 7688 6701 7484 7167 5046 767 4557 2767 7837 2142 6812 461 5256 9117 8244 6412 9812 5381 9322 2576 719 4078 2782 9863 261 4928 4176 3343 3578 1962 2514 3019 7850 4565
6547 8056 3726 2629 5233 8703 384 5554 23 2160 3263 9475 7254 2811 9134 9897 3543 3930 2163 7671 5096 873 3554 6750 2785 4288 1149 8810 4162 6146 2595 1975 4961 2653 469 3692 9378 1491 965 5306 9223 7241 388 4760 7527 3659 918 9632 1107 7140 5426 5417 2200 5330 4459 2230 9382 697 8469 6805 6878 7398 4248 9089 3819 9186 9582 1025 3403 1699 9712 5241 7115 5385 8552 5340 2474 976 8126 9845 3858 6448 2690 8135 3055 728 7319 4919 983 1733 2963 8983 4846 463 4883 8129 4246 9486 67 3433
6536 6592 5483 462 1434 8632 823 4828 5392 3515 837 2049 1635 3758 7640 7602 5138 3899 4669 1929 5441 8799 2698 7903 428 8183 4890 3092 9750 9061 726 9072 3546 9694 163 5747 8100 6355 7496 6165 5183 9977 9033 6284 6579 3060 6095 9071 8748 7818 2290 8835 5559 5390 3912 7092 6303 7811 8683 5710 434 6992 6139 337 1229 4293 6516 555 7991 2974 3152 7847 1537 3197 3918 5901 7552 5056 162 942 6224 8482 577 3624 4218 6393 9960 7404 4413 2710 5521 2926 2673 7862 3563 1316 2034 9616 5639 9524
911 3932 9687 3114 1941 9624 609 3837 3527 5020 3866 2774 9389 2225 3285 3022 189 7151 6160 7737 9923 6303 4369 8002 2352 3093 1106 249 5248 8643 201 4769 8658 2227 2888 6774 5942 975 1235 9667 7084 4449 2129 2327 3052 4241 3389 2392 5160 6097 5232 1812 206 8780 8031 1599 7462 9472 760 8888 6607 4067 7907 6199 4999 3031 3406 4021 7031 9966 2771 4981 6604 9666 2279 2573 4256 5415 511 3276 9812 3319 6280 3931 4882 1238 4068 2705 8075 2872 9950 5947 4986 608 9039 1651 7147 6954 233 8424
8326 3747 7045 2847 5569 5630 8532 2884 3228 4993 9889 8712 7182 670 2399 4434 5770 756 5342 5658 2974 5377 3714 8592 981 5711 7464 4735 1060 5040 5563 6821 7283 5639 1742 9761 4099 7222 2737 7390 9417 2334 2326 3914 8920 5922 605 291 2578 3927 1336 289 2975 175 5590 6465 7900 8252 8429 8319 133 3920 7729 7171 7857 1777 7817 9717 2826 4734 6262 3164 7690 9909 4742 4674 8165 681 5219 5056 2387 6816 3272 6266 2370 5187 1401 2397 4831 2018 5010 1511 576 1044 8216 5568 825 6656 5011 6316
