50
3
972423195
776100482
736859791
8313 657 9316 6705 9628 4815 4527 1653 1743 3892 2613 1316 3592 2121 8915 1244 7877 7147 1947 3426 5051 7716 4081 121 5635 1869 8902 8828 3503 4777 2063 414 2513 1152 6125 4674 7498 7326 1440 8999 4584 5349 8605 2737 6723 6055 8562 6269 6111 7453
9630 3149 3728 3877 9325 8653 1947 2157 500 4187 7832 9807 3039 5549 7664 3127 8095 2633 6084 6540 6087 941 1708 4567 2451 2183 5346 2928 2565 9575 9063 618 778 9046 8996 8914 5177 1450 5745 8786 564 1490 7812 3770 5547 8061 9382 2342 8809 1002
7195 9202 6089 8589 2682 9406 5623 1020 9082 9895 3623 7747 9707 913 5304 9303 1051 7932 8009 7735 2082 8422 807 6331 580 6359 5029 8852 5515 2444 6614 9450 6896 3508 5557 4114 5350 172 7291 153 6059 4537 6444 3167 8200 4846 146 2445 1412 1319
6553 9902 584 8919 573 6099 9958 9482 3898 1545 3290 2149 3480 4462 9675 612 3361 3066 6585 3550 574 897 1827 7355 810 4086 4255 5733 2553 3342 1834 962 3935 9211 2653 3506 9308 8416 5352 3129 9090 1654 6671 6493 1798 8108 6448 5727 3744 2093
4070 6655 8893 4958 506 3612 7505 280 8445 3823 646 5843 9963 2710 6426 9318 5655 7253 267 6022 9456 8283 5959 6951 172 9869 1355 201 9116 5724 8567 9627 9364 6531 3486 2495 4072 6258 2638 704 4337 8694 9435 7448 6591 1583 4978 6543 1104 4993
7825 6177 3074 3589 6435 1896 7261 8054 5752 2377 6849 9780 3379 8092 8216 3616 6079 2513 9874 4734 4310 8418 3547 4765 3160 6532 7659 9107 1875 6426 8686 384 7183 3523 9529 8171 7545 1715 8165 8736 466 913 7250 5234 5130 5760 789 1843 2771 8696
2630 7851 7207 4950 7653 6482 3761 8505 7479 993 7568 8344 4413 9174 9777 5162 5599 3914 3152 4304 5793 5433 6844 1953 7141 8044 3921 6766 7429 911 3831 4617 8708 2208 1555 6088 1914 9879 4929 6818 7114 8400 3304 4153 742 2353 7797 7919 3716 2427
9644 858 3661 2654 7407 9598 9989 7428 426 9357 2789 5627 2676 3040 835 3223 9541 6293 566 1581 5247 8057 657 8535 5844 4633 9852 9605 3596 546 5551 7755 562 2375 7750 6558 3002 8378 1984 304 3553 4078 4939 9153 3255 3189 6283 2551 2835 6503
1326 5376 2011 4498 6175 8525 2372 7892 2935 1210 8388 4549 1055 4131 3972 509 2435 390 1039 7307 3977 4520 1808 9769 5613 10005 8802 2426 7180 4169 6436 1748 1665 3130 7534 3949 71 9322 9283 2014 8906 1796 2144 3115 5508 5830 1955 5607 1189 7553
7344 5548 1802 4865 2283 4453 4009 2080 9724 3447 3560 6147 7988 7805 9106 6036 5004 9716 5035 8566 3149 2671 7491 1386 7385 2413 8669 7721 5766 8564 3546 8926 1738 7562 2303 483 1501 9575 8006 4232 2846 7778 9462 5419 2391 3029 6477 2525 6451 7686
7706 633 8647 8981 2724 8874 8953 8282 6381 8467 4683 5282 1461 4401 1217 2800 3795 1424 6742 1854 1443 7974 7477 1058 9344 5721 9386 7391 8122 8120 8517 4765 9019 5188 106 8183 1015 2869 5109 777 77 8936 6653 4510 4598 7144 2113 5070 3515 6969
7485 344 1842 4699 2980 8967 6377 128 4690 9770 2090 5506 7906 1835 1085 9862 3842 7979 2355 7942 4696 8579 3339 2751 9392 7074 6875 1345 8287 1259 5344 35 8140 5421 9768 2487 1754 2153 8011 6010 7932 6681 9833 4595 3610 3996 7431 1056 608 9480
7924 7846 3315 7092 2879 3575 5517 296 940 3197 494 1665 4386 9649 668 7154 579 9810 3734 8980 8377 2985 2548 4233 4995 3843 2354 2714 1303 6194 1006 103 4226 1381 718 7236 4316 3530 9446 5939 6592 2059 6233 8275 3218 1329 1033 9754 4843 3994
441 6528 4102 5327 7336 3826 71 9924 465 1764 9098 4314 3273 4768 3217 5877 8238 4905 1040 2707 7042 2143 8919 4821 7707 5235 5584 1353 5622 3817 6861 3047 9601 9542 6243 5636 1038 3104 3290 6397 5088 9746 5777 8074 7438 3593 1290 3117 5713 764
227 90 2267 5437 6633 9395 1516 9409 8744 5652 8987 2448 4533 5951 4674 2980 9008 3283 3901 1312 9875 6306 9259 8498 4448 7813 5326 3649 1299 7452 1932 6889 8614 1436 5275 8769 5693 5852 9315 7389 9434 8785 2517 5847 5304 8016 55 4211 9826 1022
2735 5679 1701 781 3275 8566 4034 3006 6924 9747 4770 7015 6694 5367 3591 5882 6437 1343 1795 2136 9500 8768 3965 1692 7571 6405 7695 1805 151 8246 7512 3106 7088 7214 2217 8432 612 1797 1739 3245 4514 7796 6774 9501 3566 5841 9572 4483 8946 8660
651 2184 3097 6996 8587 7994 617 8933 9362 9265 3502 1656 7835 7161 852 7317 9914 9770 8333 8378 4449 8813 3161 4299 8567 1957 3125 1438 1073 8480 4216 25 6361 9547 7567 317 8441 6954 6917 9258 9895 8538 2710 8763 3079 562 4840 6252 6166 3223
2255 2742 1139 4114 8993 6187 2786 2412 6602 5468 406 4513 4844 4186 4708 1161 9754 230 9428 4899 8279 7818 4260 26 9894 2461 1879 7329 6260 3306 9269 1436 198 5773 4909 6294 6564 3004 9174 5283 2104 7698 8066 5067 4952 2762 7176 1606 6481 4469
4593 411 9964 13 8911 3890 4862 2053 4251 8256 8820 6943 4265 5477 5063 7186 1061 1023 8566 7327 8097 5357 8869 2220 6126 1324 3856 1604 8318 6520 3171 2482 4154 2493 6974 3115 3591 9175 1521 9783 917 9593 8611 3398 2454 9712 0 6488 9523 2492
5156 1917 9414 7299 1829 6868 2323 8879 8423 8876 4015 3248 389 2505 2773 9617 2028 2391 5388 5900 4338 4178 5917 5967 6049 9786 3506 9218 6177 4392 3466 7151 1186 9416 6902 5581 2614 6154 3954 346 6037 2161 1008 4721 3205 3921 1893 4171 2303 2842
7162 5310 2673 750 7203 2175 9540 3606 679 6286 9077 445 2700 394 7820 4788 6220 2164 6720 2984 4062 226 1140 9844 3304 584 126 976 2370 5857 9174 6208 4546 4222 8494 1090 9762 9574 6864 4421 4017 4155 6783 5489 2166 6323 6736 9815 4057 6222
3947 336 1619 2122 7350 313 1181 9009 6236 1288 2780 6828 3860 2595 8526 7045 5817 9407 7289 7418 6829 8665 4471 6399 3957 8358 365 866 6491 5709 824 4821 6973 95 4426 321 9600 4003 9234 6605 3094 4541 2511 5186 9573 4359 8617 3992 6414 5983
7209 6911 6022 7366 764 344 3658 6291 9008 5058 8587 3567 9344 8411 8482 9399 2497 1585 2491 2776 1242 5531 9763 292 3973 8809 9535 5522 6546 3422 3102 6580 6680 6844 4311 1758 3175 7100 3530 1678 9048 7125 3571 8550 5908 9981 7054 2654 5445 6820
684 6076 6513 4828 4066 5218 6707 6347 7758 2867 8055 8958 4835 7680 8343 1825 4745 5531 9622 3122 2469 7002 2828 786 5843 7732 8028 9314 4218 5067 1656 3267 8711 8833 4630 3341 4029 7559 7344 4990 1930 8920 2371 6441 9113 9092 8257 8889 3521 8327
4861 2301 104 904 2216 1966 1556 2885 4264 5725 916 9841 4464 6053 5857 4735 7298 3896 8724 1031 2024 50 1616 982 6747 8196 5769 2189 2322 939 272 7584 7167 4882 3136 9479 6272 7417 5292 1807 8100 4811 2219 6374 7184 6511 5007 3341 3811 579
1454 155 2828 7612 8653 7158 8709 6049 3688 7021 879 9219 4884 9783 3007 7105 4219 6691 6342 566 6304 8109 5065 8879 2325 2384 5683 6290 881 8822 8636 5529 6838 2180 6149 3852 4488 8333 629 8809 6213 1155 4468 2296 3137 1314 7931 370 5182 665
2290 2018 5975 6060 4198 3546 2877 579 6417 8386 2809 4070 8940 2917 2646 1401 3362 9380 5640 7512 6179 5594 6636 9946 3366 8586 3137 9011 3834 5751 489 4268 9665 4106 1794 404 6130 310 4775 4092 4573 4161 5887 3514 9229 589 4432 7132 1553 3211
4931 853 9776 4796 2633 6691 1738 9226 3894 1554 5722 8955 2649 3515 1733 5215 4521 2182 1148 6257 7831 5609 6368 808 3698 432 8285 5553 7477 5829 2726 3241 6087 1548 6913 7706 5404 2029 6501 9432 3031 7744 7868 3268 5731 2165 9526 4386 3962 8070
2130 1039 2452 7171 6104 2753 2461 381 2974 3624 4690 3236 1652 5859 6354 3163 1132 9009 1513 8433 5772 8613 63 6055 7476 600 4534 4181 9206 7440 7746 7047 697 290 6027 3027 8114 4048 582 8107 434 7464 2982 2036 9691 6234 6969 6173 4067 1814
6245 262 2058 5804 2741 5323 3153 3597 5526 7889 4159 4046 1459 9625 9808 8507 1570 2602 7897 2571 9047 4457 4935 115 6220 221 5193 8944 9892 1840 9049 4060 8687 5868 44 5303 7123 6105 8038 9607 3374 4760 9835 8151 2187 5215 4577 1129 5081 1155
3097 764 8546 4897 3716 2980 8978 9208 3581 4760 5893 6150 167 1963 5709 2646 5228 3058 3502 5431 7794 4064 3951 1364 9530 9713 8412 1475 2507 7802 2476 8952 4362 4840 20 6125 126 5098 8849 9797 1745 8954 3965 8592 5773 9956 5208 7028 6010 7943
430 1895 6299 2714 8843 8087 8048 779 7671 561 909 1880 4273 4595 720 4372 9961 6318 3946 4459 7702 9418 9030 5992 8615 3310 614 5399 1238 1619 1043 5302 5482 9780 7222 4628 9180 6238 9819 4484 7743 6283 5890 8848 2091 7421 151 2238 3259 5734
2694 237 2612 6507 8892 795 1926 2580 2852 8902 8817 672 1324 1993 4291 8460 6491 2061 800 5937 1953 2224 3469 1508 5497 9237 7365 8698 9283 8241 4931 1504 6291 1733 5866 1036 9126 4381 602 5212 764 3076 4466 8747 4560 95 778 297 709 8990
7117 9100 744 8255 3361 4141 9423 1674 3776 6823 7417 9592 3152 596 7612 5909 8720 6125 5872 1054 6762 4515 5233 2808 8838 2716 7086 243 2630 4143 9026 5426 9529 647 2492 1515 313 8749 5372 234 9420 7273 8155 3197 6674 1969 257 9858 386 9269
4942 5486 7579 7409 1126 2430 3768 8364 6695 2757 3904 1382 1649 3688 4230 6720 2798 769 8249 4505 7171 8341 6257 9644 2790 2357 3248 1507 1854 8027 8544 986 199 1310 5934 8714 7269 8902 9979 1338 376 1200 7755 2494 1071 8344 658 5265 6416 3100
9670 892 2107 6101 3845 1346 2051 7210 8866 374 4860 5012 4861 9817 6737 7690 3649 224 4614 3808 3687 2688 5853 3038 6427 9183 2495 9139 1222 6651 4747 2425 3020 10000 5436 753 4681 5519 9295 277 9104 3166 1033 9143 428 4148 6246 80 3177 3853
1863 6848 3015 8337 2655 9748 7771 4929 8674 806 1512 1469 5001 4389 5787 8480 9294 7827 3820 3653 1778 8710 3667 9006 4953 3910 5802 499 7413 5943 7535 1740 6246 2428 9776 2213 7422 9160 4405 2611 8475 5283 8454 4448 9086 9087 3885 5761 3634 546
8813 7469 4064 4484 1170 8544 5827 9777 6248 1261 5491 6424 6353 5436 2331 3243 2337 2052 3586 9304 5072 4536 855 6026 5300 9313 8289 1406 1726 8255 8155 7991 517 3070 1653 7735 1298 3150 5787 7710 1257 6285 8927 4854 7781 2174 9390 8015 5760 8066
3022 3745 5331 727 3984 2921 8783 5988 5407 5655 6462 1381 4256 8971 8698 7850 6059 6324 8760 5550 2287 4541 7437 2980 2075 6595 10005 3589 6276 8281 5565 4313 2660 5553 6695 162 1056 3723 9698 9490 743 808 2916 4772 6615 6035 1081 3764 6563 6350
5424 3807 9561 8190 5141 4944 9024 9711 8436 6345 6118 6146 588 3081 3567 7166 8265 5264 5546 9611 8272 8878 8671 4729 6670 6651 5419 9803 181 8818 567 2246 4199 1798 3064 1938 5295 4396 7725 2377 3213 7386 4623 7697 7935 720 6900 1024 6598 929
3460 3548 6094 1063 4020 2465 5919 776 5951 4431 5941 6416 7195 7672 8054 2276 8411 6464 7674 7657 6028 4157 288 2749 9587 3189 2303 8055 7081 280 4337 4586 191 6993 7741 9368 1629 1746 3539 2877 4193 3149 236 3064 2098 3716 2767 6014 6936 4045
9082 7051 4921 7432 4345 1684 4525 5982 1967 3388 6519 446 93 5118 3352 3658 2959 6616 6209 1939 8946 4026 9967 6501 4019 6353 3376 8901 7955 5603 2146 2881 2085 9986 7733 9642 5968 4746 7145 6276 3650 4547 1615 3211 6629 8632 6313 1309 3910 2972
8193 7428 4172 33 6054 6722 4215 6508 6666 5324 1522 5694 8133 9331 1689 7569 1201 4367 6357 1615 2244 2475 1653 4708 3714 883 7448 202 7532 3542 5004 5000 5794 8297 6798 9143 8986 5126 797 4505 8985 321 8928 6632 2066 7787 7963 3048 2993 8907
5612 204 2943 4633 9406 7627 5510 437 1724 1433 4158 8627 7150 5128 6215 5596 3380 2948 8644 8779 6999 77 3135 6549 9346 9530 3027 7973 6878 9085 6300 3734 2728 2279 6346 4610 8968 4507 4396 1412 3323 9259 1782 9934 2889 5345 8172 2401 2143 3321
415 6494 5656 1880 891 2071 8009 135 2032 740 7027 4929 1088 7998 7322 1410 4123 967 6999 480 8602 7512 3723 311 7124 685 2934 1819 7996 7719 7665 8377 7143 1917 8557 1434 9366 5963 5986 6424 9544 651 9683 8084 258 2634 1327 5588 5371 3414
9697 8625 1263 1598 146 8172 6124 2365 3005 6056 5856 5528 587 5693 2859 5016 2149 5853 1120 4966 2067 2116 7400 9261 5108 3901 8326 5576 1066 5678 833 6897 4033 2138 3033 498 8349 6014 4186 6792 9865 5298 6214 4514 1726 4759 8132 4057 7381 8029
1266 3758 9446 1162 4388 4475 2216 5316 393 1926 2839 6738 8329 7736 359 8675 9104 9007 3244 1398 7577 6903 594 7059 9656 9512 8075 8120 4191 8555 2903 4041 8309 1699 2867 1180 815 8222 3958 9774 6103 9289 7309 59 8183 6696 6659 9000 9637 8280
5335 9079 6413 5243 7327 3940 787 1220 329 2070 1723 5557 5040 2591 3378 2267 7650 4870 6315 4682 3605 2239 3201 2377 5829 1083 2506 5240 2919 8319 7168 477 2713 9182 978 8338 8400 6100 2328 545 9229 6659 6447 8501 1062 1671 5872 7558 3118 3842
4316 9286 3427 623 6832 203 139 2836 2856 8893 6385 3873 2155 2940 2226 3857 5331 2945 6237 3230 4703 7519 8935 8055 2609 2884 3335 8878 4359 5754 4039 9232 4139 9396 1606 6843 3023 761 9460 8916 6823 6993 3269 1965 627 6038 7707 1638 491 3013
9057 4709 7185 6042 7770 5000 4460 1573 9247 7022 3373 2192 1456 7454 7684 2057 3236 4369 4626 8650 439 4185 1122 3704 1534 1978 3907 6270 2540 2427 9847 8006 8189 6888 9958 983 6278 952 7428 2838 3316 8503 4601 8609 3574 7325 8273 221 7430 2441
